; structure creation     : 9/5/20 (13:30:27)
; structure modification : 16/6/20 (8:6:32)
; structure name : dff1_r
L 1
B 58 175 605 310
B -15 175 83 310
L 3
B 170 25 320 45
B 75 25 155 45
B 500 25 580 45
B 170 205 320 265
B 75 205 155 265
B 500 205 580 265
B 335 205 485 265
B 335 25 485 45
B 10 25 60 45
B 10 205 60 265
L 5
B 75 145 95 165
W 10 555 270 555 189
W 10 555 20 555 67
W 10 525 270 525 172
W 10 525 20 525 90
W 10 460 270 460 20
W 10 430 270 430 20
W 10 410 270 410 135
W 10 380 270 380 110 410 110 410 20
W 10 380 20 380 90 360 90 360 130
W 10 360 270 360 190 330 190 330 65 360 65 360 20
W 10 295 270 295 20
W 10 265 270 265 20
W 10 245 270 245 160
W 10 215 270 215 125 245 125 245 20
W 10 215 20 215 64
W 10 195 20 195 270
W 10 120 130 170 130
W 10 130 186 130 270
W 10 130 20 130 68
W 10 100 270 100 190 90 190 90 105 100 105 100 20
W 10 35 270 35 20
L 8
B 365 125 395 135
B 180 125 210 135
B 405 55 445 65
B 305 45 315 60
B 240 25 250 105
B 155 60 210 70
B 140 90 150 155
B 145 165 155 205
B 50 45 60 205
B 95 125 110 135
B 85 45 95 205
B 230 195 240 205
B 310 185 320 205
B 395 185 405 205
B 485 160 510 170
B 445 135 475 145
B 475 45 485 205
B 510 45 520 60
B 545 80 555 175
B 510 185 520 205
B 435 -10 455 45
B 170 -10 190 45
B 105 -10 125 45
B 10 -10 30 45
B 435 205 455 300
B 270 205 290 300
B 105 205 125 300
B 10 205 30 300
B 20 140 40 160
B 0 280 595 300
B 220 25 250 45
B 0 -10 595 10
B 180 90 200 110
B 570 45 580 205
B 170 205 190 300
B 335 205 355 300
B 530 205 550 300
B 270 -10 290 45
B 335 -10 355 45
B 530 -10 550 45
B 520 185 540 195
B 510 60 540 70
B 485 85 510 95
B 405 185 445 195
B 320 185 325 195
B 230 185 280 195
B 95 60 115 70
B 95 185 115 195
B 140 155 230 165
B 145 45 155 100
B 250 155 375 165
B 250 95 285 105
B 280 60 325 70
B 395 45 405 65
B 230 125 345 135
L 10
L 13
; [strans] magnification(x 0.3) not supported
; [strans] magnification(x 0.3) not supported
; [strans] magnification(x 0.3) not supported
; [strans] magnification(x 0.3) not supported
; [strans] magnification(x 0.3) not supported
L 14
B 0 0 590 290
L 18
B 70 200 590 270
B 0 200 70 270
L 19
B 70 20 590 50
B 5 20 70 50
C 50 235 1 1 0 dcont
C 20 255 1 1 0 dcont
C 50 255 1 1 0 dcont
C 25 0 1 1 0 psubcont
C 20 235 1 1 0 dcont
C 20 35 1 1 0 dcont
C 50 35 1 1 0 dcont
C 20 215 1 1 0 dcont
C 20 290 1 1 0 nsubcont
C 50 215 1 1 0 dcont
C 30 150 1 1 0 pcont
C 540 35 1 1 0 dcont
C 145 255 1 1 0 dcont
C 345 290 1 1 0 nsubcont
C 550 70 1 1 0 pcont
C 395 35 1 1 0 dcont
C 145 235 1 1 0 dcont
C 230 255 1 1 0 dcont
C 145 35 1 1 0 dcont
C 405 135 1 1 0 pcont
C 455 185 1 1 0 pcont
C 295 100 1 1 0 pcont
C 510 215 1 1 0 dcont
C 170 0 1 1 0 psubcont
C 125 185 1 1 0 pcont
C 345 255 1 1 0 dcont
C 220 130 1 1 0 pcont
C 180 235 1 1 0 dcont
C 455 65 1 1 0 pcont
C 230 235 1 1 0 dcont
C 540 255 1 1 0 dcont
C 270 65 1 1 0 pcont
C 395 255 1 1 0 dcont
C 345 215 1 1 0 dcont
C 445 255 1 1 0 dcont
C 280 235 1 1 0 dcont
C 115 235 1 1 0 dcont
C 85 35 1 1 0 dcont
C 280 215 1 1 0 dcont
C 230 35 1 1 0 dcont
C 280 35 1 1 0 dcont
C 445 35 1 1 0 dcont
C 115 35 1 1 0 dcont
C 220 65 1 1 0 pcont
C 435 140 1 1 0 pcont
C 145 215 1 1 0 dcont
C 345 235 1 1 0 dcont
C 335 65 1 1 0 pcont
C 510 235 1 1 0 dcont
C 345 35 1 1 0 dcont
C 475 235 1 1 0 dcont
C 310 215 1 1 0 dcont
C 395 215 1 1 0 dcont
C 240 160 1 1 0 pcont
C 445 215 1 1 0 dcont
C 180 35 1 1 0 dcont
C 180 255 1 1 0 dcont
C 570 255 1 1 0 dcont
C 290 185 1 1 0 pcont
C 570 215 1 1 0 dcont
C 280 255 1 1 0 dcont
C 175 290 1 1 0 nsubcont
C 230 215 1 1 0 dcont
C 385 165 1 1 0 pcont
C 520 90 1 1 0 pcont
C 170 130 1 1 0 pcont
C 310 35 1 1 0 dcont
C 180 215 1 1 0 dcont
C 345 0 1 1 0 psubcont
C 310 255 1 1 0 dcont
C 520 165 1 1 0 pcont
C 190 100 1 1 0 pcont
C 85 215 1 1 0 dcont
C 510 35 1 1 0 dcont
C 115 255 1 1 0 dcont
C 570 35 1 1 0 dcont
C 540 235 1 1 0 dcont
C 355 130 1 1 0 pcont
C 475 215 1 1 0 dcont
C 510 255 1 1 0 dcont
C 395 235 1 1 0 dcont
C 540 215 1 1 0 dcont
C 445 235 1 1 0 dcont
C 530 0 1 1 0 psubcont
C 310 235 1 1 0 dcont
C 85 235 1 1 0 dcont
C 570 235 1 1 0 dcont
C 120 130 1 1 0 pcont
C 115 215 1 1 0 dcont
C 550 185 1 1 0 pcont
C 475 35 1 1 0 dcont
C 335 185 1 1 0 pcont
C 530 290 1 1 0 nsubcont
C 85 255 1 1 0 dcont
C 125 65 1 1 0 pcont
C 475 255 1 1 0 dcont
C 65 155 1 1 0 pcont
