; structure creation     : 7/5/20 (14:28:54)
; structure modification : 4/6/20 (14:47:1)
; structure name : buf8
L 1
B -15 175 320 310
L 3
B 5 205 295 265
B 5 25 295 45
L 5
W 10 270 270 270 20
W 10 240 20 240 270
W 10 210 270 210 20
W 10 180 20 180 270
W 10 60 110 270 110
W 10 60 120 270 120
W 10 150 270 150 20
W 10 120 20 120 270
W 10 90 270 90 20
W 10 60 20 60 270
W 10 30 20 30 90 20 90 20 160 30 160 30 270
L 8
B -5 -10 310 10
W 20 285 5 285 35
W 20 285 213 285 285
W 10 255 39 255 205
W 14 255 223 255 255
W 20 225 5 225 35
W 20 225 215 225 285
W 14 225 223 225 255
W 10 195 39 195 205
W 14 195 215 195 255
W 10 75 85 255 85
W 10 75 75 255 75
W 20 165 5 165 35
W 20 165 216 165 285
B -5 280 310 300
B -5 -10 310 10
W 10 135 39 135 205
W 14 105 223 105 255
W 20 105 215 105 285
W 20 105 5 105 35
W 10 75 40 75 205
W 14 75 215 75 255
W 20 45 5 45 35
W 20 45 215 45 285
W 10 20 205 20 180 45 180 45 75 20 75 20 35
W 14 15 223 15 255
W 14 135 215 135 255
B -5 280 310 300
L 10
L 13
; [strans] magnification(x 0.3) not supported
; [strans] magnification(x 0.3) not supported
L 14
B 0 0 305 290
L 18
B 0 200 305 270
L 19
B 0 20 305 50
C 225 0 1 1 0 psubcont
C 225 235 1 1 0 dcont
C 135 255 1 1 0 dcont
C 255 255 1 1 0 dcont
C 285 255 1 1 0 dcont
C 225 35 1 1 0 dcont
C 165 235 1 1 0 dcont
C 165 255 1 1 0 dcont
C 45 215 1 1 0 dcont
C 45 290 1 1 0 nsubcont
C 225 290 1 1 0 nsubcont
C 135 235 1 1 0 dcont
C 105 215 1 1 0 dcont
C 75 215 1 1 0 dcont
C 75 235 1 1 0 dcont
C 15 35 1 1 0 dcont
C 45 35 1 1 0 dcont
C 15 215 1 1 0 dcont
C 285 35 1 1 0 dcont
C 50 115 1 1 0 pcont
C 15 235 1 1 0 dcont
C 195 255 1 1 0 dcont
C 165 215 1 1 0 dcont
C 135 35 1 1 0 dcont
C 255 235 1 1 0 dcont
C 195 235 1 1 0 dcont
C 135 215 1 1 0 dcont
C 75 35 1 1 0 dcont
C 225 255 1 1 0 dcont
C 285 215 1 1 0 dcont
C 45 0 1 1 0 psubcont
C 165 35 1 1 0 dcont
C 105 35 1 1 0 dcont
C 45 235 1 1 0 dcont
C 45 255 1 1 0 dcont
C 255 35 1 1 0 dcont
C 75 255 1 1 0 dcont
C 105 235 1 1 0 dcont
C 195 35 1 1 0 dcont
C 285 235 1 1 0 dcont
C 105 255 1 1 0 dcont
C 255 215 1 1 0 dcont
C 195 215 1 1 0 dcont
C 225 215 1 1 0 dcont
C 15 255 1 1 0 dcont
