; structure creation     : 7/5/20 (14:28:54)
; structure modification : 4/6/20 (14:47:1)
; structure name : dff1
L 1
B -15 170 535 310
L 3
B 100 25 250 45
B 5 25 85 45
B 430 25 510 45
B 100 205 250 265
B 5 205 85 265
B 430 205 510 265
B 265 205 415 265
B 265 25 415 45
L 5
W 10 30 270 30 185 20 185 20 105 30 105 30 20
W 10 60 20 60 65
W 10 60 185 60 270
W 10 50 130 100 130
W 10 125 20 125 270
W 10 145 20 145 65
W 10 145 270 145 125 155 125 155 100 175 100 175 20
W 10 175 270 175 157
W 10 195 270 195 20
W 10 225 270 225 185 220 185 220 97 225 97 225 20
W 10 290 270 290 185 260 185 260 60 290 60 290 20
W 10 310 20 310 90 285 90 285 130
W 10 310 270 310 110 340 110 340 20
W 10 340 270 340 134
W 10 360 270 360 20
W 10 390 270 390 20
W 10 455 20 455 84
W 10 455 270 455 169
W 10 485 20 485 64
W 10 485 270 485 186
L 8
B -5 -10 525 10
B 150 25 180 45
W 10 160 35 160 40 175 40 175 95 220 95
W 10 505 30 505 257
W 14 500 223 500 255
W 14 500 223 500 255
W 20 470 215 470 282
W 20 470 35 470 10
W 10 440 35 440 60 475 60 475 190 440 190 440 215
W 14 440 223 440 255
W 10 450 165 410 165
W 10 450 85 410 85
W 10 410 255 410 34
W 14 405 223 405 255
W 10 365 135 410 135
W 20 375 215 375 282
W 20 375 35 375 10
W 10 325 35 325 65 385 65
W 10 385 190 325 190 325 215
W 14 325 223 325 255
W 20 275 215 275 282
W 20 275 35 275 10
B -5 -10 525 10
B -5 280 525 300
W 10 265 190 245 190 245 215 240 215
W 14 240 223 240 255
W 10 240 65 240 34
W 10 200 65 265 65
W 10 100 130 335 130
W 20 210 215 210 282
W 20 210 35 210 10
W 10 80 33 80 90 75 90 75 160 310 160
W 10 160 215 160 185 220 185
W 14 160 223 160 255
W 10 145 65 80 65
W 20 110 215 110 282
W 20 110 35 110 10
W 10 80 255 80 160
W 14 75 223 75 255
W 20 45 215 45 282
W 20 45 35 45 12
W 10 55 65 15 65
W 10 55 185 15 185
W 10 50 130 15 130
W 10 15 35 15 215
W 14 15 223 15 255
B -5 280 525 300
L 10
L 13
; [strans] magnification(x 0.3) not supported
; [strans] magnification(x 0.3) not supported
; [strans] magnification(x 0.3) not supported
; [strans] magnification(x 0.3) not supported
; [strans] magnification(x 0.3) not supported
; [strans] magnification(x 0.3) not supported
L 14
B 0 0 520 290
L 18
B 0 200 520 270
L 19
B 0 20 520 50
C 405 255 1 1 0 dcont
C 55 65 1 1 0 pcont
C 15 255 1 1 0 dcont
C 470 290 1 1 0 nsubcont
C 265 185 1 1 0 pcont
C 405 35 1 1 0 dcont
C 480 185 1 1 0 pcont
C 45 215 1 1 0 dcont
C 50 130 1 1 0 pcont
C 500 235 1 1 0 dcont
C 15 235 1 1 0 dcont
C 240 235 1 1 0 dcont
C 470 0 1 1 0 psubcont
C 375 235 1 1 0 dcont
C 470 215 1 1 0 dcont
C 325 235 1 1 0 dcont
C 440 255 1 1 0 dcont
C 405 215 1 1 0 dcont
C 285 130 1 1 0 pcont
C 500 35 1 1 0 dcont
C 470 235 1 1 0 dcont
C 45 255 1 1 0 dcont
C 440 35 1 1 0 dcont
C 15 215 1 1 0 dcont
C 450 165 1 1 0 pcont
C 240 255 1 1 0 dcont
C 275 0 1 1 0 psubcont
C 110 215 1 1 0 dcont
C 240 35 1 1 0 dcont
C 100 130 1 1 0 pcont
C 450 85 1 1 0 pcont
C 315 165 1 1 0 pcont
C 160 215 1 1 0 dcont
C 110 290 1 1 0 nsubcont
C 210 255 1 1 0 dcont
C 500 215 1 1 0 dcont
C 220 185 1 1 0 pcont
C 500 255 1 1 0 dcont
C 110 255 1 1 0 dcont
C 110 35 1 1 0 dcont
C 375 215 1 1 0 dcont
C 170 160 1 1 0 pcont
C 325 215 1 1 0 dcont
C 240 215 1 1 0 dcont
C 405 235 1 1 0 dcont
C 275 35 1 1 0 dcont
C 440 235 1 1 0 dcont
C 265 65 1 1 0 pcont
C 275 235 1 1 0 dcont
C 75 215 1 1 0 dcont
C 365 135 1 1 0 pcont
C 150 65 1 1 0 pcont
C 45 35 1 1 0 dcont
C 375 35 1 1 0 dcont
C 210 35 1 1 0 dcont
C 160 35 1 1 0 dcont
C 210 215 1 1 0 dcont
C 15 35 1 1 0 dcont
C 45 235 1 1 0 dcont
C 210 235 1 1 0 dcont
C 375 255 1 1 0 dcont
C 275 215 1 1 0 dcont
C 325 255 1 1 0 dcont
C 200 65 1 1 0 pcont
C 470 255 1 1 0 dcont
C 160 235 1 1 0 dcont
C 385 65 1 1 0 pcont
C 110 235 1 1 0 dcont
C 150 130 1 1 0 pcont
C 275 255 1 1 0 dcont
C 55 185 1 1 0 pcont
C 110 0 1 1 0 psubcont
C 440 215 1 1 0 dcont
C 220 100 1 1 0 pcont
C 385 185 1 1 0 pcont
C 335 135 1 1 0 pcont
C 75 35 1 1 0 dcont
C 160 255 1 1 0 dcont
C 75 235 1 1 0 dcont
C 325 35 1 1 0 dcont
C 480 65 1 1 0 pcont
C 275 290 1 1 0 nsubcont
C 75 255 1 1 0 dcont
C 470 35 1 1 0 dcont
