; structure creation     : 25/5/20 (19:11:55)
; structure modification : 4/6/20 (14:47:1)
; structure name : dff1m2_r
L 1
B -15 175 80 310
B 50 175 600 310
L 3
B 5 25 55 45
B 5 205 55 265
B 330 25 480 45
B 330 205 480 265
B 495 205 575 265
B 70 205 150 265
B 165 205 315 265
B 495 25 575 45
B 70 25 150 45
B 165 25 315 45
L 5
W 10 30 270 30 20
W 10 550 181 550 270
W 10 550 20 550 67
W 10 520 165 520 270
W 10 520 20 520 89
W 10 455 68 455 20
W 10 455 270 455 184
W 10 425 20 425 270
W 10 405 270 405 137
W 10 405 20 405 110 375 110 375 270
W 10 375 20 375 85 355 85 355 130
W 10 355 20 355 65 318 65
W 10 315 190 355 190 355 270
W 10 290 184 290 270
W 10 290 20 290 100
W 10 260 270 260 20
W 10 240 158 240 270
W 10 240 20 240 105 220 105 220 131 210 131 210 270
W 10 210 20 210 68
W 10 190 270 190 20
W 10 168 130 115 130
W 10 125 183 125 270
W 10 125 20 125 70
W 10 95 270 95 190 90 190 90 105 95 105 95 20
B 65 120 85 140
L 8
B -5 280 590 300
W 10 45 205 45 38
W 14 45 223 45 255
B -5 280 70 300
B -5 -10 70 10
W 20 15 10 15 35
W 20 15 215 15 285
W 10 80 260 80 36
W 14 80 223 80 255
W 10 115 130 83 130
W 10 121 185 80 185
W 10 124 65 83 65
W 20 110 226 110 285
W 20 110 10 110 35
W 10 145 36 145 95 140 95 140 160 145 160 145 260
W 20 175 10 175 35
W 20 175 226 175 285
W 10 213 65 145 65
W 14 225 223 225 255
W 10 225 223 225 190 285 190
W 10 225 35 225 40 240 40 240 100 289 100
W 10 146 160 383 160
W 20 275 226 275 285
W 20 275 10 275 35
W 10 264 65 305 65 305 35
W 10 405 130 168 130
W 14 305 223 305 255
W 10 305 215 310 215 310 184
B 60 -10 590 10
B 60 280 590 300
W 20 340 220 340 285
W 20 340 10 340 35
W 14 390 223 390 255
W 10 390 223 390 190 452 190
W 10 395 38 395 60 450 60
W 20 440 226 440 285
W 20 440 10 440 35
W 10 433 140 475 140
W 10 475 215 475 38
W 10 518 165 475 165
W 10 518 85 475 85
W 14 505 223 505 255
W 10 510 260 510 190 545 190 545 60 510 60 510 36
W 20 535 10 535 34
W 20 535 226 535 285
W 14 565 223 565 255
W 10 570 33 570 260
B -5 -10 590 10
L 10
W 10 455 187 455 65
W 10 315 187 315 68
W 10 290 187 290 100
L 13
; [strans] magnification(x 0.3) not supported
; [strans] magnification(x 0.3) not supported
; [strans] magnification(x 0.3) not supported
; [strans] magnification(x 0.3) not supported
; [strans] magnification(x 0.3) not supported
L 14
B 0 0 585 290
L 18
B 0 200 65 270
B 65 200 585 270
L 19
B 0 20 65 50
B 65 20 585 50
C 55 130 1 1 0 pcont
C 350 130 1 1 0 pcont
C 80 255 1 1 0 dcont
C 340 215 1 1 0 dcont
C 340 235 1 1 0 dcont
C 175 235 1 1 0 dcont
C 505 255 1 1 0 dcont
C 315 185 1 1 0 pcont
C 275 35 1 1 0 dcont
C 440 215 1 1 0 dcont
C 80 215 1 1 0 dcont
C 450 185 1 1 0 Via
C 390 215 1 1 0 dcont
C 165 290 1 1 0 nsubcont
C 305 215 1 1 0 dcont
C 285 100 1 1 0 pcont
C 320 70 1 1 0 Via
C 545 65 1 1 0 pcont
C 215 130 1 1 0 pcont
C 315 185 1 1 0 Via
C 450 185 1 1 0 pcont
C 400 135 1 1 0 pcont
C 175 255 1 1 0 dcont
C 545 185 1 1 0 pcont
C 340 0 1 1 0 psubcont
C 440 255 1 1 0 dcont
C 430 140 1 1 0 pcont
C 390 235 1 1 0 dcont
C 110 215 1 1 0 dcont
C 275 235 1 1 0 dcont
C 340 290 1 1 0 nsubcont
C 305 235 1 1 0 dcont
C 505 35 1 1 0 dcont
C 525 290 1 1 0 nsubcont
C 110 235 1 1 0 dcont
C 275 215 1 1 0 dcont
C 175 35 1 1 0 dcont
C 535 255 1 1 0 dcont
C 340 255 1 1 0 dcont
C 565 255 1 1 0 dcont
C 285 100 1 1 0 Via
C 450 65 1 1 0 Via
C 140 215 1 1 0 dcont
C 165 0 1 1 0 psubcont
C 505 235 1 1 0 dcont
C 470 35 1 1 0 dcont
C 285 185 1 1 0 pcont
C 140 255 1 1 0 dcont
C 235 160 1 1 0 pcont
C 380 165 1 1 0 pcont
C 115 130 1 1 0 pcont
C 450 65 1 1 0 pcont
C 175 215 1 1 0 dcont
C 120 65 1 1 0 pcont
C 470 255 1 1 0 dcont
C 225 255 1 1 0 dcont
C 110 255 1 1 0 dcont
C 390 35 1 1 0 dcont
C 265 65 1 1 0 pcont
C 565 35 1 1 0 dcont
C 390 255 1 1 0 dcont
C 535 35 1 1 0 dcont
C 565 215 1 1 0 dcont
C 340 35 1 1 0 dcont
C 440 235 1 1 0 dcont
C 565 235 1 1 0 dcont
C 320 70 1 1 0 pcont
C 120 185 1 1 0 pcont
C 215 65 1 1 0 pcont
C 140 235 1 1 0 dcont
C 525 0 1 1 0 psubcont
C 535 235 1 1 0 dcont
C 225 235 1 1 0 dcont
C 505 215 1 1 0 dcont
C 110 35 1 1 0 dcont
C 285 185 1 1 0 Via
C 165 130 1 1 0 pcont
C 80 35 1 1 0 dcont
C 305 255 1 1 0 dcont
C 515 85 1 1 0 pcont
C 140 35 1 1 0 dcont
C 225 35 1 1 0 dcont
C 225 215 1 1 0 dcont
C 440 35 1 1 0 dcont
C 535 215 1 1 0 dcont
C 470 235 1 1 0 dcont
C 80 235 1 1 0 dcont
C 275 255 1 1 0 dcont
C 305 35 1 1 0 dcont
C 470 215 1 1 0 dcont
C 515 165 1 1 0 pcont
C 45 235 1 1 0 dcont
C 15 255 1 1 0 dcont
C 45 255 1 1 0 dcont
C 15 0 1 1 0 psubcont
C 15 235 1 1 0 dcont
C 15 35 1 1 0 dcont
C 45 35 1 1 0 dcont
C 15 290 1 1 0 nsubcont
C 15 215 1 1 0 dcont
C 45 215 1 1 0 dcont
