; structure creation     : 9/5/20 (13:30:27)
; structure modification : 4/6/20 (14:47:1)
; structure name : dff1_r
L 1
B -15 175 78 310
B 53 175 600 310
L 3
B 5 205 55 265
B 5 25 55 45
B 330 25 480 45
B 330 205 480 265
B 495 205 575 265
B 70 205 150 265
B 165 205 315 265
B 495 25 575 45
B 70 25 150 45
B 165 25 315 45
L 5
W 10 30 270 30 20
W 10 95 270 95 190 85 190 85 105 95 105 95 20
W 10 125 20 125 68
W 10 125 186 125 270
W 10 115 130 165 130
W 10 190 20 190 270
W 10 210 20 210 64
W 10 210 270 210 105 240 105 240 20
W 10 240 270 240 160
W 10 260 270 260 20
W 10 290 270 290 20
W 10 355 270 355 190 325 190 325 65 355 65 355 20
W 10 375 20 375 90 355 90 355 130
W 10 375 270 375 110 405 110 405 20
W 10 405 270 405 135
W 10 425 270 425 20
W 10 455 270 455 20
W 10 520 20 520 90
W 10 520 270 520 172
W 10 550 20 550 67
W 10 550 270 550 189
B 70 145 90 165
L 8
B -5 -10 590 10
W 20 15 213 15 285
W 20 15 10 15 35
B -5 -10 70 10
B -5 280 70 300
W 14 45 223 45 255
W 10 50 205 50 38
W 14 80 223 80 255
W 10 85 35 85 214
W 10 115 130 85 130
W 10 120 190 85 190
W 10 123 65 85 65
W 20 110 36 110 15
W 20 110 218 110 285
W 14 140 223 140 255
W 10 145 258 145 160
W 20 175 35 175 15
W 20 175 218 175 285
W 10 215 65 145 65
W 14 225 223 225 255
W 10 230 215 230 190 285 190
W 10 145 36 145 95 140 95 140 160 375 160
W 20 275 35 275 15
W 20 275 218 275 285
W 10 165 130 404 130
W 10 265 65 330 65
W 10 305 65 305 35
W 14 305 223 305 255
W 10 333 190 310 190 310 218 308 218
B 60 280 590 300
B 60 -10 590 10
W 20 340 38 340 15
W 20 340 218 340 285
W 14 390 223 390 255
W 10 453 190 395 190 395 218
W 10 395 38 395 60 449 60
W 20 440 35 440 12
W 20 440 218 440 285
W 10 430 140 475 140
W 14 470 223 470 255
W 10 475 258 475 35
W 10 515 90 475 90
W 10 515 165 475 165
W 14 505 223 505 255
W 10 510 38 510 60 545 60 545 190 510 190 510 218
W 20 535 35 535 15
W 20 535 218 535 285
W 14 565 223 565 255
W 14 565 223 565 255
W 10 570 35 570 260
W 10 240 40 240 100 290 100
B 215 25 245 45
B -5 280 590 300
L 10
L 13
; [strans] magnification(x 0.3) not supported
; [strans] magnification(x 0.3) not supported
; [strans] magnification(x 0.3) not supported
; [strans] magnification(x 0.3) not supported
; [strans] magnification(x 0.3) not supported
L 14
B 0 0 585 290
L 18
B 0 200 65 270
B 65 200 585 270
L 19
B 0 20 65 50
B 65 20 585 50
C 45 235 1 1 0 dcont
C 15 255 1 1 0 dcont
C 45 255 1 1 0 dcont
C 20 0 1 1 0 psubcont
C 15 235 1 1 0 dcont
C 15 35 1 1 0 dcont
C 45 35 1 1 0 dcont
C 15 215 1 1 0 dcont
C 20 290 1 1 0 nsubcont
C 45 215 1 1 0 dcont
C 535 35 1 1 0 dcont
C 140 255 1 1 0 dcont
C 340 290 1 1 0 nsubcont
C 545 70 1 1 0 pcont
C 390 35 1 1 0 dcont
C 140 235 1 1 0 dcont
C 225 255 1 1 0 dcont
C 140 35 1 1 0 dcont
C 400 135 1 1 0 pcont
C 450 185 1 1 0 pcont
C 290 100 1 1 0 pcont
C 505 215 1 1 0 dcont
C 165 0 1 1 0 psubcont
C 120 185 1 1 0 pcont
C 340 255 1 1 0 dcont
C 215 130 1 1 0 pcont
C 175 235 1 1 0 dcont
C 450 65 1 1 0 pcont
C 225 235 1 1 0 dcont
C 535 255 1 1 0 dcont
C 265 65 1 1 0 pcont
C 390 255 1 1 0 dcont
C 340 215 1 1 0 dcont
C 440 255 1 1 0 dcont
C 275 235 1 1 0 dcont
C 110 235 1 1 0 dcont
C 80 35 1 1 0 dcont
C 275 215 1 1 0 dcont
C 225 35 1 1 0 dcont
C 275 35 1 1 0 dcont
C 440 35 1 1 0 dcont
C 110 35 1 1 0 dcont
C 215 65 1 1 0 pcont
C 430 140 1 1 0 pcont
C 140 215 1 1 0 dcont
C 340 235 1 1 0 dcont
C 330 65 1 1 0 pcont
C 505 235 1 1 0 dcont
C 340 35 1 1 0 dcont
C 470 235 1 1 0 dcont
C 305 215 1 1 0 dcont
C 390 215 1 1 0 dcont
C 235 160 1 1 0 pcont
C 440 215 1 1 0 dcont
C 175 35 1 1 0 dcont
C 175 255 1 1 0 dcont
C 565 255 1 1 0 dcont
C 285 185 1 1 0 pcont
C 565 215 1 1 0 dcont
C 275 255 1 1 0 dcont
C 170 290 1 1 0 nsubcont
C 225 215 1 1 0 dcont
C 380 165 1 1 0 pcont
C 515 90 1 1 0 pcont
C 165 130 1 1 0 pcont
C 305 35 1 1 0 dcont
C 175 215 1 1 0 dcont
C 340 0 1 1 0 psubcont
C 305 255 1 1 0 dcont
C 515 165 1 1 0 pcont
C 80 215 1 1 0 dcont
C 505 35 1 1 0 dcont
C 110 255 1 1 0 dcont
C 565 35 1 1 0 dcont
C 535 235 1 1 0 dcont
C 350 130 1 1 0 pcont
C 470 215 1 1 0 dcont
C 505 255 1 1 0 dcont
C 390 235 1 1 0 dcont
C 535 215 1 1 0 dcont
C 440 235 1 1 0 dcont
C 525 0 1 1 0 psubcont
C 305 235 1 1 0 dcont
C 80 235 1 1 0 dcont
C 565 235 1 1 0 dcont
C 115 130 1 1 0 pcont
C 110 215 1 1 0 dcont
C 545 185 1 1 0 pcont
C 470 35 1 1 0 dcont
C 330 185 1 1 0 pcont
C 525 290 1 1 0 nsubcont
C 80 255 1 1 0 dcont
C 120 65 1 1 0 pcont
C 470 255 1 1 0 dcont
C 60 155 1 1 0 pcont
