; structure creation     : 7/5/20 (14:28:54)
; structure modification : 4/6/20 (14:47:1)
; structure name : dff1m2
L 1
B -15 175 535 310
L 3
B 100 25 250 45
B 5 25 85 45
B 430 25 510 45
B 100 205 250 265
B 5 205 85 265
B 430 205 510 265
B 265 205 415 265
B 265 25 415 45
L 5
W 10 30 270 30 190 25 190 25 105 30 105 30 20
W 10 60 20 60 70
W 10 60 183 60 270
W 10 103 130 50 130
W 10 125 270 125 20
W 10 145 20 145 68
W 10 175 20 175 105 155 105 155 131 145 131 145 270
W 10 175 158 175 270
W 10 195 270 195 20
W 10 225 20 225 100
W 10 225 184 225 270
W 10 250 190 290 190 290 270
W 10 290 20 290 65 253 65
W 10 310 20 310 85 290 85 290 130
W 10 340 20 340 110 310 110 310 270
W 10 340 270 340 137
W 10 360 20 360 270
W 10 390 270 390 184
W 10 390 68 390 20
W 10 455 20 455 89
W 10 455 165 455 270
W 10 485 20 485 67
W 10 485 181 485 270
L 8
B -5 -10 525 10
W 10 505 33 505 260
W 14 500 223 500 255
W 20 470 226 470 285
W 20 470 10 470 34
W 10 445 260 445 190 480 190 480 60 445 60 445 36
W 14 440 223 440 255
W 10 453 85 410 85
W 10 453 165 410 165
W 10 410 215 410 38
W 10 368 140 410 140
W 20 375 10 375 35
W 20 375 226 375 285
W 10 330 38 330 60 385 60
W 10 325 223 325 190 387 190
W 14 325 223 325 255
W 20 275 10 275 35
W 20 275 220 275 285
B -5 280 525 300
B -5 -10 525 10
W 10 240 215 245 215 245 184
W 14 240 223 240 255
W 10 340 130 103 130
W 10 199 65 240 65 240 35
W 20 210 10 210 35
W 20 210 226 210 285
W 10 81 160 318 160
W 10 160 35 160 40 175 40 175 100 224 100
W 10 160 223 160 190 220 190
W 14 160 223 160 255
W 10 148 65 80 65
W 20 110 226 110 285
W 20 110 10 110 35
W 10 80 36 80 95 75 95 75 160 80 160 80 260
W 20 45 10 45 35
W 20 45 226 45 285
W 10 59 65 18 65
W 10 56 185 15 185
W 10 50 130 18 130
W 14 15 223 15 255
W 10 15 260 15 36
B -5 280 525 300
L 10
W 10 225 187 225 100
W 10 250 187 250 68
W 10 390 187 390 65
L 13
; [strans] magnification(x 0.3) not supported
; [strans] magnification(x 0.3) not supported
; [strans] magnification(x 0.3) not supported
L 14
B 0 0 520 290
L 18
B 0 200 520 270
L 19
B 0 20 520 50
C 285 130 1 1 0 pcont
C 15 255 1 1 0 dcont
C 275 215 1 1 0 dcont
C 275 235 1 1 0 dcont
C 110 235 1 1 0 dcont
C 440 255 1 1 0 dcont
C 250 185 1 1 0 pcont
C 210 35 1 1 0 dcont
C 375 215 1 1 0 dcont
C 15 215 1 1 0 dcont
C 385 185 1 1 0 Via
C 325 215 1 1 0 dcont
C 100 290 1 1 0 nsubcont
C 240 215 1 1 0 dcont
C 220 100 1 1 0 pcont
C 255 70 1 1 0 Via
C 480 65 1 1 0 pcont
C 150 130 1 1 0 pcont
C 250 185 1 1 0 Via
C 385 185 1 1 0 pcont
C 335 135 1 1 0 pcont
C 110 255 1 1 0 dcont
C 275 0 1 1 0 psubcont
C 480 185 1 1 0 pcont
C 375 255 1 1 0 dcont
C 365 140 1 1 0 pcont
C 325 235 1 1 0 dcont
C 45 215 1 1 0 dcont
C 210 235 1 1 0 dcont
C 275 290 1 1 0 nsubcont
C 240 235 1 1 0 dcont
C 440 35 1 1 0 dcont
C 460 290 1 1 0 nsubcont
C 45 235 1 1 0 dcont
C 210 215 1 1 0 dcont
C 110 35 1 1 0 dcont
C 470 255 1 1 0 dcont
C 275 255 1 1 0 dcont
C 500 255 1 1 0 dcont
C 220 100 1 1 0 Via
C 385 65 1 1 0 Via
C 75 215 1 1 0 dcont
C 100 0 1 1 0 psubcont
C 440 235 1 1 0 dcont
C 405 35 1 1 0 dcont
C 220 185 1 1 0 pcont
C 75 255 1 1 0 dcont
C 170 160 1 1 0 pcont
C 315 165 1 1 0 pcont
C 50 130 1 1 0 pcont
C 385 65 1 1 0 pcont
C 110 215 1 1 0 dcont
C 55 65 1 1 0 pcont
C 405 255 1 1 0 dcont
C 160 255 1 1 0 dcont
C 45 255 1 1 0 dcont
C 325 35 1 1 0 dcont
C 200 65 1 1 0 pcont
C 500 35 1 1 0 dcont
C 325 255 1 1 0 dcont
C 470 35 1 1 0 dcont
C 500 215 1 1 0 dcont
C 275 35 1 1 0 dcont
C 375 235 1 1 0 dcont
C 500 235 1 1 0 dcont
C 255 70 1 1 0 pcont
C 55 185 1 1 0 pcont
C 150 65 1 1 0 pcont
C 75 235 1 1 0 dcont
C 460 0 1 1 0 psubcont
C 470 235 1 1 0 dcont
C 220 185 1 1 0 Via
C 160 235 1 1 0 dcont
C 440 215 1 1 0 dcont
C 45 35 1 1 0 dcont
C 100 130 1 1 0 pcont
C 15 35 1 1 0 dcont
C 240 255 1 1 0 dcont
C 450 85 1 1 0 pcont
C 75 35 1 1 0 dcont
C 160 35 1 1 0 dcont
C 160 215 1 1 0 dcont
C 375 35 1 1 0 dcont
C 470 215 1 1 0 dcont
C 405 235 1 1 0 dcont
C 15 235 1 1 0 dcont
C 210 255 1 1 0 dcont
C 240 35 1 1 0 dcont
C 405 215 1 1 0 dcont
C 450 165 1 1 0 pcont
