; structure creation     : 7/5/20 (14:28:54)
; structure modification : 4/6/20 (14:47:1)
; structure name : exnr
L 1
B -15 175 225 310
L 3
B 5 205 85 265
B 100 205 200 265
B 5 25 75 45
B 90 25 200 45
L 5
W 10 125 270 125 180 115 180 115 20
W 10 175 270 175 20
W 10 145 270 145 20
W 10 60 270 60 175 65 175 65 75 50 75 50 20
W 10 30 270 30 20
L 8
B -5 -10 215 10
W 20 190 216 190 285
W 10 165 214 165 175 195 175 195 35
W 14 160 255 160 215
W 10 155 35 155 60 105 60 105 35
W 20 130 10 130 35
W 20 110 215 110 285
W 10 71 145 145 145
B -5 280 215 300
B -5 -10 215 10
W 10 15 90 168 90
W 20 75 218 75 285
W 10 40 115 114 115
W 20 65 10 65 35
W 10 40 255 40 190 15 190 15 35
W 20 15 215 15 285
B -5 280 215 300
L 10
L 14
B 0 0 210 290
L 18
B 0 200 210 270
L 19
B 0 20 210 50
C 115 115 1 1 0 pcont
C 160 235 1 1 0 dcont
C 190 215 1 1 0 dcont
C 190 255 1 1 0 dcont
C 45 215 1 1 0 dcont
C 110 235 1 1 0 dcont
C 75 255 1 1 0 dcont
C 160 255 1 1 0 dcont
C 75 215 1 1 0 dcont
C 15 215 1 1 0 dcont
C 45 255 1 1 0 dcont
C 15 35 1 1 0 dcont
C 15 255 1 1 0 dcont
C 170 90 1 1 0 pcont
C 190 235 1 1 0 dcont
C 160 35 1 1 0 dcont
C 100 290 1 1 0 nsubcont
C 100 35 1 1 0 dcont
C 160 215 1 1 0 dcont
C 65 35 1 1 0 dcont
C 110 215 1 1 0 dcont
C 45 235 1 1 0 dcont
C 190 35 1 1 0 dcont
C 75 235 1 1 0 dcont
C 110 255 1 1 0 dcont
C 145 145 1 1 0 pcont
C 130 35 1 1 0 dcont
C 100 0 1 1 0 psubcont
C 15 235 1 1 0 dcont
