; structure creation     : 7/5/20 (14:28:54)
; structure modification : 4/6/20 (14:47:1)
; structure name : exor
L 1
B -15 175 225 310
L 3
B 5 205 75 265
B 90 205 200 265
B 5 25 85 45
B 85 25 190 45
L 5
W 10 175 270 175 130 165 130 165 20
W 10 145 270 145 145 135 145 135 20
W 10 50 270 50 175 65 175 65 20
W 10 115 270 115 20
W 10 30 270 30 20
L 8
B -5 -10 215 10
W 14 190 215 190 255
W 20 180 10 180 35
W 10 190 218 190 60 155 60 155 35
W 10 160 255 160 185 100 185 100 248
W 20 130 215 130 285
W 10 70 145 142 145
B -5 280 215 300
B -5 -10 215 10
W 20 100 10 100 35
W 10 40 110 110 110
W 20 65 215 65 285
W 10 45 85 45 35
W 20 15 10 15 35
W 14 15 223 15 255
W 10 167 85 15 85 15 255
B -5 280 215 300
L 10
L 14
B 0 0 210 290
L 18
B 0 200 210 270
L 19
B 0 20 210 50
C 110 110 1 1 0 pcont
C 160 255 1 1 0 dcont
C 190 235 1 1 0 dcont
C 190 215 1 1 0 dcont
C 65 215 1 1 0 dcont
C 130 215 1 1 0 dcont
C 100 235 1 1 0 dcont
C 160 215 1 1 0 dcont
C 100 215 1 1 0 dcont
C 15 215 1 1 0 dcont
C 45 35 1 1 0 dcont
C 15 35 1 1 0 dcont
C 15 255 1 1 0 dcont
C 165 85 1 1 0 pcont
C 180 35 1 1 0 dcont
C 160 235 1 1 0 dcont
C 130 290 1 1 0 nsubcont
C 100 255 1 1 0 dcont
C 150 35 1 1 0 dcont
C 65 255 1 1 0 dcont
C 100 35 1 1 0 dcont
C 65 235 1 1 0 dcont
C 190 255 1 1 0 dcont
C 80 35 1 1 0 dcont
C 130 235 1 1 0 dcont
C 140 145 1 1 0 pcont
C 130 255 1 1 0 dcont
C 100 0 1 1 0 psubcont
C 15 235 1 1 0 dcont
