; structure creation     : 7/5/20 (14:28:54)
; structure modification : 4/6/20 (14:47:1)
; structure name : inv8
L 1
B -15 175 290 310
L 3
B 5 205 265 265
B 5 25 265 45
L 5
W 10 240 270 240 20
W 10 210 20 210 270
W 10 150 270 150 160 240 160
W 10 150 20 150 150 240 150
W 10 180 270 180 20
W 10 120 270 120 20
W 10 30 270 30 160 150 160
W 10 30 20 30 150 150 150
W 10 90 20 90 270
W 10 60 270 60 20
L 8
B -5 -10 280 10
W 20 15 10 15 38
W 20 15 215 15 285
W 10 45 205 45 35
W 14 45 223 45 255
W 20 75 10 75 38
W 20 75 213 75 285
W 10 105 215 105 35
W 14 105 223 105 255
B -5 280 280 300
B -5 -10 280 10
W 20 135 213 135 285
W 10 48 110 228 110
W 20 135 10 135 38
W 10 165 215 165 35
W 14 195 223 195 255
W 20 195 213 195 285
W 20 195 10 195 38
W 10 225 215 225 35
W 14 255 223 255 255
W 20 255 215 255 285
W 20 255 10 255 38
B -5 280 280 300
L 10
L 14
B 0 0 275 290
L 18
B 0 200 275 270
L 19
B 0 20 275 50
C 15 35 1 1 0 dcont
C 255 255 1 1 0 dcont
C 225 215 1 1 0 dcont
C 195 255 1 1 0 dcont
C 105 35 1 1 0 dcont
C 195 0 1 1 0 psubcont
C 195 35 1 1 0 dcont
C 105 235 1 1 0 dcont
C 75 35 1 1 0 dcont
C 255 35 1 1 0 dcont
C 45 235 1 1 0 dcont
C 165 35 1 1 0 dcont
C 105 255 1 1 0 dcont
C 45 255 1 1 0 dcont
C 225 255 1 1 0 dcont
C 135 215 1 1 0 dcont
C 75 255 1 1 0 dcont
C 255 215 1 1 0 dcont
C 195 215 1 1 0 dcont
C 135 35 1 1 0 dcont
C 165 255 1 1 0 dcont
C 195 235 1 1 0 dcont
C 195 290 1 1 0 nsubcont
C 75 0 1 1 0 psubcont
C 15 255 1 1 0 dcont
C 15 215 1 1 0 dcont
C 45 35 1 1 0 dcont
C 75 215 1 1 0 dcont
C 15 235 1 1 0 dcont
C 75 235 1 1 0 dcont
C 135 235 1 1 0 dcont
C 105 215 1 1 0 dcont
C 45 215 1 1 0 dcont
C 165 235 1 1 0 dcont
C 75 290 1 1 0 nsubcont
C 225 35 1 1 0 dcont
C 165 215 1 1 0 dcont
C 255 235 1 1 0 dcont
C 225 235 1 1 0 dcont
C 135 255 1 1 0 dcont
