; structure creation     : 7/5/20 (14:28:54)
; structure modification : 4/6/20 (14:47:1)
; structure name : na212
L 1
B -15 175 140 310
L 3
B 85 25 115 45
B 5 25 85 45
B 15 205 115 265
L 5
W 10 40 270 40 175 25 175 25 100 30 100 30 20
W 10 60 270 60 155 55 155 55 100 60 100 60 20
W 10 90 270 90 180 85 180 85 130 90 130 90 20
L 8
B -5 -10 130 10
W 20 105 215 105 285
W 10 75 205 75 180 105 180 105 35
W 14 75 223 75 255
B -5 280 130 300
B -5 -10 130 10
W 10 75 35 75 80 15 80 15 35
W 10 45 10 45 35
W 20 25 215 25 285
B -5 280 130 300
L 10
L 14
B 0 0 125 290
L 18
B 0 200 125 270
L 19
B 0 20 125 50
C 75 215 1 1 0 dcont
C 105 235 1 1 0 dcont
C 110 290 1 1 0 nsubcont
C 25 255 1 1 0 dcont
C 105 215 1 1 0 dcont
C 45 0 1 1 0 psubcont
C 25 235 1 1 0 dcont
C 105 35 1 1 0 dcont
C 45 35 1 1 0 dcont
C 25 215 1 1 0 dcont
C 105 255 1 1 0 dcont
C 75 255 1 1 0 dcont
C 75 35 1 1 0 dcont
C 15 35 1 1 0 dcont
C 75 235 1 1 0 dcont
