; structure creation     : 7/5/20 (14:28:54)
; structure modification : 4/6/20 (14:47:1)
; structure name : na222
L 1
B -15 175 170 310
L 3
B 15 205 135 265
B 5 40 85 60
B 85 40 145 60
L 5
W 10 120 35 120 155 110 155 110 270
W 10 90 270 90 180 85 180 85 125 90 125 90 35
W 10 60 270 60 155 55 155 55 100 60 100 60 35
W 10 40 270 40 175 25 175 25 80 30 80 30 35
L 8
B -5 280 160 300
W 20 125 215 125 285
W 10 75 205 75 180 135 180 135 80 105 80 105 55
W 14 75 215 75 255
W 10 135 55 135 25 75 25 75 80 15 80 15 50
B -5 280 160 300
B -5 -10 160 10
W 20 45 10 45 50
W 20 25 215 25 285
B -5 -10 160 10
L 10
L 14
B 0 0 155 290
L 18
B 0 200 155 270
L 19
B 0 20 155 65
C 135 50 1 1 0 dcont
C 125 235 1 1 0 dcont
C 75 215 1 1 0 dcont
C 100 0 1 1 0 psubcont
C 25 255 1 1 0 dcont
C 125 215 1 1 0 dcont
C 25 235 1 1 0 dcont
C 105 50 1 1 0 dcont
C 45 50 1 1 0 dcont
C 25 215 1 1 0 dcont
C 100 290 1 1 0 nsubcont
C 125 255 1 1 0 dcont
C 75 50 1 1 0 dcont
C 75 255 1 1 0 dcont
C 15 50 1 1 0 dcont
C 75 235 1 1 0 dcont
