; structure creation     : 7/5/20 (14:28:54)
; structure modification : 4/6/20 (14:47:1)
; structure name : na31
L 1
B -15 175 140 310
L 3
B 5 25 95 45
B 5 205 115 265
L 5
W 10 30 270 30 155 25 155 25 65 30 65 30 20
W 10 60 270 60 155 55 155 55 125 50 125 50 20
W 10 90 270 90 85 70 85 70 20
L 8
B -5 -10 130 10
W 14 105 223 105 255
W 10 105 205 105 180
W 10 45 205 45 180 105 180 105 65 90 65 90 38
W 20 75 216 75 285
B -5 280 130 300
B -5 -10 130 10
W 14 45 223 45 255
W 10 15 10 15 35
W 20 15 215 15 285
B -5 280 130 300
L 10
L 14
B 0 0 125 290
L 18
B 0 200 125 270
L 19
B 0 20 125 50
C 75 255 1 1 0 dcont
C 105 255 1 1 0 dcont
C 105 215 1 1 0 dcont
C 15 255 1 1 0 dcont
C 85 35 1 1 0 dcont
C 15 215 1 1 0 dcont
C 75 215 1 1 0 dcont
C 45 235 1 1 0 dcont
C 15 35 1 1 0 dcont
C 105 235 1 1 0 dcont
C 55 290 1 1 0 nsubcont
C 45 215 1 1 0 dcont
C 75 235 1 1 0 dcont
C 15 235 1 1 0 dcont
C 45 255 1 1 0 dcont
C 50 0 1 1 0 psubcont
