; structure creation     : 7/5/20 (14:28:54)
; structure modification : 4/6/20 (14:47:1)
; structure name : na41
L 1
B -15 175 170 310
L 3
B 5 25 115 45
B 5 205 145 265
L 5
W 10 30 270 30 160 25 160 25 70 30 70 30 20
W 10 60 270 60 140 55 140 55 130 50 130 50 20
W 10 90 270 90 105 70 105 70 20
W 10 90 20 90 70 120 70 120 270
L 8
B -5 -10 160 10
W 20 15 215 15 285
W 20 15 10 15 35
W 14 45 223 45 255
B -5 -10 160 10
B -5 280 160 300
W 20 75 215 75 285
W 10 45 205 45 180 135 180 135 40 106 40
W 10 105 205 105 180
W 14 105 223 105 255
W 20 135 215 135 285
W 14 135 223 135 255
B -5 280 160 300
L 10
L 14
B 0 0 155 290
L 18
B 0 200 155 270
L 19
B 0 20 155 50
C 75 255 1 1 0 dcont
C 105 215 1 1 0 dcont
C 105 255 1 1 0 dcont
C 135 255 1 1 0 dcont
C 15 255 1 1 0 dcont
C 105 35 1 1 0 dcont
C 55 290 1 1 0 nsubcont
C 15 215 1 1 0 dcont
C 75 215 1 1 0 dcont
C 45 235 1 1 0 dcont
C 135 215 1 1 0 dcont
C 15 35 1 1 0 dcont
C 50 0 1 1 0 psubcont
C 105 235 1 1 0 dcont
C 135 235 1 1 0 dcont
C 45 215 1 1 0 dcont
C 75 235 1 1 0 dcont
C 15 235 1 1 0 dcont
C 45 255 1 1 0 dcont
