; structure creation     : 7/5/20 (14:28:54)
; structure modification : 4/6/20 (14:47:1)
; structure name : nr21
L 1
B -15 175 110 310
L 3
B 65 25 85 45
B 5 25 85 45
B 10 205 80 265
L 5
W 10 35 270 35 175 25 175 25 100 30 100 30 20
W 10 55 270 55 100 60 100 60 20
L 8
B -5 -10 100 10
W 10 45 35 45 65 75 65 75 155 70 155 70 205
W 20 15 10 15 35
W 14 70 215 70 255
B -5 280 100 300
B -5 -10 100 10
W 20 20 220 20 285
W 20 75 10 75 35
B -5 280 100 300
L 10
L 14
B 0 0 95 290
L 18
B 0 200 95 270
L 19
B 0 20 95 50
C 70 215 1 1 0 dcont
C 15 35 1 1 0 dcont
C 75 35 1 1 0 dcont
C 70 255 1 1 0 dcont
C 50 0 1 1 0 psubcont
C 20 215 1 1 0 dcont
C 45 35 1 1 0 dcont
C 20 235 1 1 0 dcont
C 55 290 1 1 0 nsubcont
C 20 255 1 1 0 dcont
C 70 235 1 1 0 dcont
