; structure creation     : 7/5/20 (14:28:54)
; structure modification : 4/6/20 (14:47:1)
; structure name : nr222
L 1
B -15 170 170 310
L 3
B 85 25 125 45
B 5 25 85 45
B 5 190 145 250
L 5
W 10 30 255 30 155 25 155 25 65 30 65 30 20
W 10 60 255 60 155 55 155 55 95 50 95 50 20
W 10 90 255 90 180 85 180 85 125 80 125 80 20
W 10 120 255 120 80 100 80 100 20
L 8
B -5 -10 160 10
W 20 115 10 115 35
W 14 105 200 105 240
W 10 105 205 105 175 135 175 135 65 70 65 70 35
W 10 15 240 15 175 75 175 75 265 135 265 135 200
B -5 280 160 300
B -5 -10 160 10
W 20 45 200 45 285
W 20 15 10 15 35
W 14 15 208 15 240
B -5 280 160 300
L 10
L 13
; [strans] magnification(x 0.3) not supported
L 14
B 0 0 155 290
L 18
B 0 185 155 270
L 19
B 0 20 155 50
C 105 240 1 1 0 dcont
C 105 200 1 1 0 dcont
C 65 35 1 1 0 dcont
C 115 35 1 1 0 dcont
C 135 240 1 1 0 dcont
C 15 240 1 1 0 dcont
C 75 200 1 1 0 dcont
C 15 200 1 1 0 dcont
C 75 220 1 1 0 dcont
C 135 220 1 1 0 dcont
C 45 220 1 1 0 dcont
C 15 35 1 1 0 dcont
C 135 200 1 1 0 dcont
C 105 220 1 1 0 dcont
C 115 0 1 1 0 psubcont
C 50 290 1 1 0 nsubcont
C 75 240 1 1 0 dcont
C 45 200 1 1 0 dcont
C 15 220 1 1 0 dcont
C 45 240 1 1 0 dcont
