; structure creation     : 7/5/20 (14:28:54)
; structure modification : 4/6/20 (14:47:1)
; structure name : nr31
L 1
B -15 175 140 310
L 3
B 85 25 115 45
B 5 25 85 45
B 15 205 105 265
L 5
W 10 40 270 40 175 25 175 25 100 30 100 30 20
W 10 60 270 60 155 55 155 55 100 60 100 60 20
W 10 80 270 80 125 90 125 90 20
L 8
B -5 -10 130 10
W 10 95 205 95 180 105 180 105 36
W 14 95 223 95 255
W 10 50 35 50 65 105 65
W 20 75 10 75 38
B -5 -10 130 10
B -5 280 130 300
W 20 25 215 25 285
W 20 15 10 15 35
B -5 280 130 300
L 10
L 14
B 0 0 125 290
L 18
B 0 200 125 270
L 19
B 0 20 125 50
C 25 255 1 1 0 dcont
C 95 255 1 1 0 dcont
C 25 235 1 1 0 dcont
C 45 35 1 1 0 dcont
C 95 215 1 1 0 dcont
C 75 35 1 1 0 dcont
C 15 35 1 1 0 dcont
C 95 235 1 1 0 dcont
C 105 35 1 1 0 dcont
C 65 0 1 1 0 psubcont
C 80 290 1 1 0 nsubcont
C 25 215 1 1 0 dcont
