; structure creation     : 7/5/20 (14:28:54)
; structure modification : 4/6/20 (14:47:1)
; structure name : or21
L 1
B -15 175 140 310
L 3
B 10 205 110 265
B 5 25 115 45
B 65 25 115 45
L 5
W 10 55 270 55 100 60 100 60 20
W 10 35 270 35 180 25 180 25 100 30 100 30 20
W 10 90 20 90 170 85 170 85 270
L 8
W 20 15 10 15 35
W 14 20 223 20 255
W 10 50 35 50 60 75 60 75 165 20 165 20 205
B -5 280 130 300
B -5 -10 130 10
W 20 70 215 70 285
W 20 75 10 75 35
W 14 100 223 100 255
W 10 105 35 105 180 100 180 100 205
B -5 280 130 300
B -5 -10 130 10
L 10
L 14
B 0 0 125 290
L 18
B 0 200 125 270
L 19
B 0 20 125 50
C 70 235 1 1 0 dcont
C 15 35 1 1 0 dcont
C 70 215 1 1 0 dcont
C 75 35 1 1 0 dcont
C 105 35 1 1 0 dcont
C 80 125 1 1 0 pcont
C 20 215 1 1 0 dcont
C 45 35 1 1 0 dcont
C 100 235 1 1 0 dcont
C 20 235 1 1 0 dcont
C 100 215 1 1 0 dcont
C 20 255 1 1 0 dcont
C 50 0 1 1 0 psubcont
C 70 255 1 1 0 dcont
C 100 255 1 1 0 dcont
C 70 290 1 1 0 nsubcont
