; structure creation     : 7/5/20 (14:28:54)
; structure modification : 4/6/20 (14:47:1)
; structure name : rff1m2
L 1
B -15 175 575 310
L 3
B 470 25 550 45
B 5 25 85 45
B 100 25 439 45
B 470 205 550 265
B 285 205 455 265
B 5 205 85 265
B 100 205 270 265
L 5
W 10 60 20 60 70
W 10 60 183 60 270
W 10 100 130 51 130
W 10 125 270 125 20
W 10 145 20 145 68
W 10 175 20 175 100 155 100 155 130 145 130 145 270
W 10 175 158 175 270
W 10 195 270 195 20
W 10 225 20 225 100
W 10 225 187 225 270
W 10 245 95 245 270
W 10 255 20 255 100
W 10 285 20 285 73 278 73
W 10 283 190 310 190 310 270
W 10 305 20 305 128
W 10 335 20 335 85 330 85 330 270
W 10 360 270 360 137
W 10 355 20 355 110 380 110 380 270
W 10 385 68 385 20
W 10 410 270 410 187
W 10 415 20 415 75 430 75 430 270
W 10 495 20 495 89
W 10 495 167 495 270
W 10 525 20 525 67
W 10 525 181 525 270
W 10 30 270 30 170 25 170 25 105 30 105 30 20
L 8
B -5 -10 565 10
W 10 15 260 15 36
W 14 15 223 15 255
W 10 54 130 15 130
W 10 56 185 15 185
W 10 59 65 15 65
W 20 45 226 45 285
W 20 45 10 45 38
W 10 80 36 80 95 75 95 75 160 80 160 80 260
W 20 110 10 110 38
W 20 110 226 110 285
W 10 148 65 83 65
W 14 160 223 160 255
W 10 160 226 160 190 223 190
W 10 163 38 163 40 175 40 175 100 224 100
W 10 75 160 333 160
W 20 210 226 210 285
W 20 210 10 210 38
W 10 358 130 103 130
W 10 283 65 199 65
W 10 240 38 240 65
W 14 260 223 260 255
W 20 270 10 270 38
W 10 260 226 260 190 283 190
B -5 -10 565 10
B -5 280 565 300
W 20 295 226 295 285
W 10 254 100 445 100
W 14 345 223 345 255
W 10 325 38 325 65 378 65
W 20 370 10 370 38
W 10 345 226 345 190 410 190
W 20 395 226 395 285
W 10 385 140 449 140
W 20 430 10 430 38
W 14 445 223 445 255
W 10 405 38 405 60 465 60 465 85 485 85 485 140 450 140 450 215
W 10 493 170 450 170
W 14 480 223 480 255
W 10 485 260 485 190 520 190 520 60 485 60 485 36
W 20 510 10 510 38
W 20 510 226 510 285
B 530 25 550 45
W 14 540 223 540 255
W 10 545 33 545 260
B -5 280 565 300
L 10
W 10 220 100 220 187
W 10 280 186 280 68
W 10 400 186 400 160 385 160 385 68
L 14
B 0 0 560 290
L 18
B 0 200 560 270
L 19
B 0 20 560 50
C 405 185 1 1 0 pcont
C 400 35 1 1 0 dcont
C 260 255 1 1 0 dcont
C 210 255 1 1 0 dcont
C 100 130 1 1 0 pcont
C 15 235 1 1 0 dcont
C 430 35 1 1 0 dcont
C 510 35 1 1 0 dcont
C 395 255 1 1 0 dcont
C 160 215 1 1 0 dcont
C 160 35 1 1 0 dcont
C 75 35 1 1 0 dcont
C 385 140 1 1 0 pcont
C 260 235 1 1 0 dcont
C 55 65 1 1 0 pcont
C 15 35 1 1 0 dcont
C 285 185 1 1 0 Via
C 480 35 1 1 0 dcont
C 160 235 1 1 0 dcont
C 45 35 1 1 0 dcont
C 510 215 1 1 0 dcont
C 490 165 1 1 0 pcont
C 75 235 1 1 0 dcont
C 50 130 1 1 0 pcont
C 220 100 1 1 0 pcont
C 540 215 1 1 0 dcont
C 395 215 1 1 0 dcont
C 295 255 1 1 0 dcont
C 540 35 1 1 0 dcont
C 480 255 1 1 0 dcont
C 345 235 1 1 0 dcont
C 510 255 1 1 0 dcont
C 170 160 1 1 0 pcont
C 345 255 1 1 0 dcont
C 280 70 1 1 0 Via
C 45 255 1 1 0 dcont
C 160 255 1 1 0 dcont
C 445 215 1 1 0 dcont
C 55 185 1 1 0 pcont
C 380 70 1 1 0 pcont
C 110 215 1 1 0 dcont
C 285 185 1 1 0 pcont
C 110 290 1 1 0 nsubcont
C 150 130 1 1 0 pcont
C 75 255 1 1 0 dcont
C 200 70 1 1 0 pcont
C 445 235 1 1 0 dcont
C 480 215 1 1 0 dcont
C 520 185 1 1 0 pcont
C 75 215 1 1 0 dcont
C 275 0 1 1 0 psubcont
C 220 100 1 1 0 Via
C 540 235 1 1 0 dcont
C 270 35 1 1 0 dcont
C 510 235 1 1 0 dcont
C 210 215 1 1 0 dcont
C 540 255 1 1 0 dcont
C 110 35 1 1 0 dcont
C 45 235 1 1 0 dcont
C 445 255 1 1 0 dcont
C 260 215 1 1 0 dcont
C 510 290 1 1 0 nsubcont
C 210 235 1 1 0 dcont
C 45 215 1 1 0 dcont
C 345 215 1 1 0 dcont
C 330 165 1 1 0 pcont
C 395 235 1 1 0 dcont
C 380 70 1 1 0 Via
C 520 65 1 1 0 pcont
C 490 90 1 1 0 pcont
C 110 255 1 1 0 dcont
C 300 130 1 1 0 pcont
C 405 185 1 1 0 Via
C 355 135 1 1 0 pcont
C 110 0 1 1 0 psubcont
C 150 65 1 1 0 pcont
C 220 185 1 1 0 Via
C 220 185 1 1 0 pcont
C 240 35 1 1 0 dcont
C 295 290 1 1 0 nsubcont
C 320 35 1 1 0 dcont
C 510 0 1 1 0 psubcont
C 370 35 1 1 0 dcont
C 15 215 1 1 0 dcont
C 210 35 1 1 0 dcont
C 255 100 1 1 0 pcont
C 480 235 1 1 0 dcont
C 295 215 1 1 0 dcont
C 110 235 1 1 0 dcont
C 295 235 1 1 0 dcont
C 15 255 1 1 0 dcont
C 280 70 1 1 0 pcont
