; structure creation     : 26/5/20 (17:52:22)
; structure modification : 4/6/20 (14:47:1)
; structure name : rff1_r
L 1
B 50 175 640 310
B -15 175 80 310
L 3
B 165 205 335 265
B 70 205 150 265
B 350 205 520 265
B 535 205 615 265
B 165 25 504 45
B 70 25 150 45
B 535 25 615 45
B 5 25 55 45
B 5 205 55 265
L 5
B 65 120 85 140
W 10 590 184 590 270
W 10 590 20 590 67
W 10 560 170 560 270
W 10 560 20 560 89
W 10 480 20 480 65 495 65 495 270
W 10 475 270 475 187
W 10 475 186 475 90 450 90 450 68
W 10 450 68 450 20
W 10 420 20 420 110 445 110 445 270
W 10 425 270 425 137
W 10 400 20 400 85 395 85 395 270
W 10 370 20 370 130
W 10 348 190 375 190 375 270
W 10 340 186 340 68
W 10 350 20 350 70 343 70
W 10 320 20 320 100
W 10 310 98 310 270
W 10 290 187 290 270
W 10 290 20 290 100
W 10 290 100 290 187
W 10 260 270 260 20
W 10 240 158 240 270
W 10 240 20 240 100 220 100 220 130 210 130 210 270
W 10 210 20 210 68
W 10 190 270 190 20
W 10 168 130 119 130
W 10 125 186 125 270
W 10 125 20 125 70
W 10 95 270 95 170 90 170 90 105 95 105 95 20
W 10 30 270 30 20
L 8
B -5 -10 630 10
W 10 610 33 610 260
W 14 605 223 605 255
W 20 575 226 575 285
W 20 575 10 575 38
W 10 545 260 545 190 585 190 585 60 550 60 550 36
W 14 545 223 545 255
W 10 558 165 510 165
W 10 470 38 470 60 530 60 530 85 550 85 550 140 510 140 510 215
W 14 510 223 510 255
W 20 495 10 495 38
W 10 450 140 514 140
W 20 460 226 460 285
W 10 410 226 410 190 475 190
W 20 435 10 435 38
W 10 390 38 390 60 443 60
W 14 410 223 410 255
W 10 320 100 510 100
W 20 360 226 360 285
B 60 280 630 300
B 60 -10 630 10
W 10 325 226 325 190 348 190
W 20 335 10 335 38
W 14 325 223 325 255
W 10 305 38 305 65
W 10 348 65 264 65
W 10 425 130 168 130
W 20 275 10 275 38
W 20 275 226 275 285
W 10 140 160 385 160
W 10 228 38 228 40 240 40 240 100 289 100
W 10 225 226 225 190 288 190
W 14 225 223 225 255
W 10 214 65 145 65
W 20 175 226 175 285
W 20 175 10 175 38
W 10 145 36 145 95 140 95 140 160 145 160 145 260
W 20 110 10 110 38
W 20 110 226 110 285
W 10 124 65 80 65
W 10 124 190 83 190
W 10 119 130 80 130
W 14 80 223 80 255
W 10 80 260 80 36
W 10 45 205 45 38
W 14 45 223 45 255
B -5 280 70 300
B -5 -10 70 10
W 20 15 10 15 35
W 20 15 215 15 285
B -5 280 630 300
L 10
L 14
B 0 0 625 290
L 18
B 65 200 625 270
B 0 200 65 270
L 19
B 65 20 625 50
B 0 20 65 50
C 55 130 1 1 0 pcont
C 45 235 1 1 0 dcont
C 15 255 1 1 0 dcont
C 45 255 1 1 0 dcont
C 15 0 1 1 0 psubcont
C 15 235 1 1 0 dcont
C 15 35 1 1 0 dcont
C 45 35 1 1 0 dcont
C 15 290 1 1 0 nsubcont
C 15 215 1 1 0 dcont
C 45 215 1 1 0 dcont
C 345 65 1 1 0 pcont
C 80 255 1 1 0 dcont
C 360 235 1 1 0 dcont
C 360 215 1 1 0 dcont
C 175 235 1 1 0 dcont
C 545 235 1 1 0 dcont
C 315 100 1 1 0 pcont
C 275 35 1 1 0 dcont
C 435 35 1 1 0 dcont
C 80 215 1 1 0 dcont
C 575 0 1 1 0 psubcont
C 385 35 1 1 0 dcont
C 360 290 1 1 0 nsubcont
C 305 35 1 1 0 dcont
C 285 185 1 1 0 pcont
C 215 65 1 1 0 pcont
C 175 0 1 1 0 psubcont
C 165 130 1 1 0 pcont
C 420 140 1 1 0 pcont
C 365 130 1 1 0 pcont
C 175 255 1 1 0 dcont
C 555 90 1 1 0 pcont
C 585 65 1 1 0 pcont
C 115 130 1 1 0 pcont
C 460 235 1 1 0 dcont
C 120 185 1 1 0 pcont
C 385 165 1 1 0 pcont
C 235 160 1 1 0 pcont
C 410 215 1 1 0 dcont
C 110 215 1 1 0 dcont
C 275 235 1 1 0 dcont
C 575 290 1 1 0 nsubcont
C 325 215 1 1 0 dcont
C 510 255 1 1 0 dcont
C 605 255 1 1 0 dcont
C 110 235 1 1 0 dcont
C 275 215 1 1 0 dcont
C 175 35 1 1 0 dcont
C 575 235 1 1 0 dcont
C 335 35 1 1 0 dcont
C 605 235 1 1 0 dcont
C 335 0 1 1 0 psubcont
C 140 215 1 1 0 dcont
C 585 185 1 1 0 pcont
C 545 215 1 1 0 dcont
C 510 235 1 1 0 dcont
C 265 65 1 1 0 pcont
C 140 255 1 1 0 dcont
C 175 290 1 1 0 nsubcont
C 345 185 1 1 0 pcont
C 445 65 1 1 0 pcont
C 175 215 1 1 0 dcont
C 510 215 1 1 0 dcont
C 225 255 1 1 0 dcont
C 110 255 1 1 0 dcont
C 410 255 1 1 0 dcont
C 575 255 1 1 0 dcont
C 410 235 1 1 0 dcont
C 545 255 1 1 0 dcont
C 605 35 1 1 0 dcont
C 360 255 1 1 0 dcont
C 460 215 1 1 0 dcont
C 605 215 1 1 0 dcont
C 285 100 1 1 0 pcont
C 140 235 1 1 0 dcont
C 555 165 1 1 0 pcont
C 575 215 1 1 0 dcont
C 225 235 1 1 0 dcont
C 545 35 1 1 0 dcont
C 110 35 1 1 0 dcont
C 215 130 1 1 0 pcont
C 120 65 1 1 0 pcont
C 80 35 1 1 0 dcont
C 325 235 1 1 0 dcont
C 450 140 1 1 0 pcont
C 140 35 1 1 0 dcont
C 225 35 1 1 0 dcont
C 225 215 1 1 0 dcont
C 460 255 1 1 0 dcont
C 575 35 1 1 0 dcont
C 495 35 1 1 0 dcont
C 80 235 1 1 0 dcont
C 275 255 1 1 0 dcont
C 325 255 1 1 0 dcont
C 465 35 1 1 0 dcont
C 470 185 1 1 0 pcont
