; structure creation     : 7/5/20 (14:28:54)
; structure modification : 4/6/20 (14:47:1)
; structure name : sff1m2
L 1
B -15 175 575 310
L 3
B 470 205 550 265
B 100 25 270 45
B 5 25 85 45
B 470 25 550 45
B 100 205 440 265
B 5 205 85 265
B 285 25 455 45
L 5
W 10 60 20 60 70
W 10 60 186 60 270
W 10 100 130 51 130
W 10 125 270 125 20
W 10 145 20 145 68
W 10 175 20 175 125 145 125 145 270
W 10 175 158 175 270
W 10 195 270 195 20
W 10 225 20 225 100
W 10 225 187 225 270
W 10 245 20 245 145 255 145 255 270
W 10 280 190 285 190 285 270
W 10 310 20 310 60 273 60
W 10 330 20 330 90 285 90 285 130
W 10 360 20 360 110 305 110 305 270
W 10 335 270 335 137
W 10 380 20 380 140 355 140 355 270
W 10 385 270 385 187
W 10 410 68 410 20
W 10 430 20 430 120 415 120 415 270
W 10 495 20 495 89
W 10 495 167 495 270
W 10 525 20 525 65
W 10 525 181 525 270
W 10 30 270 30 185 25 185 25 105 30 105 30 20
L 8
B -5 -10 565 10
W 10 245 190 245 214
W 10 15 260 15 36
W 14 15 223 15 255
W 10 53 130 18 130
W 10 56 185 15 185
W 10 59 60 15 60
W 20 45 226 45 285
W 20 45 10 45 38
W 10 80 36 80 95 75 95 75 160 80 160 80 260
W 20 110 10 110 38
W 20 110 226 110 285
W 10 150 60 80 60
W 14 160 223 160 255
W 10 160 223 160 185 220 185
W 10 163 38 163 40 175 40 175 100 224 100
W 10 83 160 313 160
W 20 210 226 210 285
W 20 210 10 210 38
W 10 335 130 103 130
W 10 264 60 205 60
W 14 240 215 240 255
W 10 245 190 278 190 278 187
W 10 265 35 265 61
W 20 270 238 270 285
B -5 -10 565 10
B -5 280 565 300
W 20 295 10 295 38
W 14 320 223 320 255
W 10 256 100 445 100
W 10 325 226 325 190 385 190
W 20 370 226 370 285
W 10 350 38 350 60 403 60
W 20 395 10 395 38
W 10 405 140 405 215
W 20 430 226 430 285
W 10 450 38 450 80 485 80 485 140 384 140
W 10 493 170 405 170
W 14 480 223 480 255
W 10 485 260 485 190 520 190 520 60 485 60 485 36
W 20 510 10 510 38
W 20 510 226 510 285
W 14 540 223 540 255
W 10 545 33 545 260
B -5 280 565 300
L 10
W 10 225 187 225 100
W 10 280 184 280 60
W 10 380 187 380 70 410 70
L 14
B 0 0 560 290
L 18
B 0 200 560 270
L 19
B 0 20 560 50
C 380 185 1 1 0 pcont
C 400 235 1 1 0 dcont
C 260 35 1 1 0 dcont
C 210 255 1 1 0 dcont
C 55 65 1 1 0 pcont
C 15 235 1 1 0 dcont
C 400 255 1 1 0 dcont
C 480 255 1 1 0 dcont
C 400 215 1 1 0 dcont
C 160 215 1 1 0 dcont
C 160 35 1 1 0 dcont
C 75 35 1 1 0 dcont
C 380 140 1 1 0 pcont
C 240 255 1 1 0 dcont
C 15 35 1 1 0 dcont
C 55 185 1 1 0 pcont
C 380 185 1 1 0 Via
C 45 35 1 1 0 dcont
C 445 35 1 1 0 dcont
C 160 235 1 1 0 dcont
C 220 100 1 1 0 Via
C 510 35 1 1 0 dcont
C 490 85 1 1 0 pcont
C 75 235 1 1 0 dcont
C 100 130 1 1 0 pcont
C 220 185 1 1 0 pcont
C 540 35 1 1 0 dcont
C 370 255 1 1 0 dcont
C 295 35 1 1 0 dcont
C 510 255 1 1 0 dcont
C 480 235 1 1 0 dcont
C 345 35 1 1 0 dcont
C 510 235 1 1 0 dcont
C 150 130 1 1 0 pcont
C 370 215 1 1 0 dcont
C 270 65 1 1 0 Via
C 45 255 1 1 0 dcont
C 160 255 1 1 0 dcont
C 430 255 1 1 0 dcont
C 50 130 1 1 0 pcont
C 110 215 1 1 0 dcont
C 330 135 1 1 0 pcont
C 510 290 1 1 0 nsubcont
C 270 65 1 1 0 pcont
C 275 290 1 1 0 nsubcont
C 150 65 1 1 0 pcont
C 75 255 1 1 0 dcont
C 170 160 1 1 0 pcont
C 430 235 1 1 0 dcont
C 480 35 1 1 0 dcont
C 520 65 1 1 0 pcont
C 75 215 1 1 0 dcont
C 110 0 1 1 0 psubcont
C 220 185 1 1 0 Via
C 540 215 1 1 0 dcont
C 270 255 1 1 0 dcont
C 510 215 1 1 0 dcont
C 110 35 1 1 0 dcont
C 210 215 1 1 0 dcont
C 45 235 1 1 0 dcont
C 540 235 1 1 0 dcont
C 430 215 1 1 0 dcont
C 240 235 1 1 0 dcont
C 540 255 1 1 0 dcont
C 210 235 1 1 0 dcont
C 45 215 1 1 0 dcont
C 320 255 1 1 0 dcont
C 280 130 1 1 0 pcont
C 395 35 1 1 0 dcont
C 280 185 1 1 0 Via
C 490 165 1 1 0 pcont
C 110 255 1 1 0 dcont
C 280 185 1 1 0 pcont
C 310 165 1 1 0 pcont
C 405 65 1 1 0 Via
C 295 0 1 1 0 psubcont
C 405 65 1 1 0 pcont
C 510 0 1 1 0 psubcont
C 200 65 1 1 0 pcont
C 240 215 1 1 0 dcont
C 110 290 1 1 0 nsubcont
C 320 235 1 1 0 dcont
C 520 185 1 1 0 pcont
C 15 215 1 1 0 dcont
C 370 235 1 1 0 dcont
C 210 35 1 1 0 dcont
C 220 100 1 1 0 pcont
C 480 215 1 1 0 dcont
C 110 235 1 1 0 dcont
C 270 235 1 1 0 dcont
C 320 215 1 1 0 dcont
C 15 255 1 1 0 dcont
C 255 100 1 1 0 pcont
C 270 215 1 1 0 dcont
