; structure creation     : 26/5/20 (20:50:43)
; structure modification : 4/6/20 (14:47:1)
; structure name : sff1m2_r
L 1
B -15 175 80 310
B 50 175 640 310
L 3
B 535 205 615 265
B 165 25 335 45
B 70 25 150 45
B 535 25 615 45
B 165 205 505 265
B 70 205 150 265
B 350 25 520 45
B 5 205 55 265
B 5 25 55 45
L 5
B 65 120 86 140
W 10 30 270 30 20
W 10 95 270 95 185 90 185 90 105 95 105 95 20
W 10 590 181 590 270
W 10 590 20 590 65
W 10 560 167 560 270
W 10 560 20 560 89
W 10 495 20 495 120 480 120 480 270
W 10 475 68 475 20
W 10 450 270 450 187
W 10 445 20 445 140 420 140 420 270
W 10 400 270 400 137
W 10 425 20 425 110 370 110 370 270
W 10 395 20 395 90 350 90 350 130
W 10 375 20 375 60 338 60
W 10 345 190 350 190 350 270
W 10 310 20 310 145 320 145 320 270
W 10 290 187 290 270
W 10 290 20 290 100
W 10 260 270 260 20
W 10 240 158 240 270
W 10 240 20 240 125 210 125 210 270
W 10 210 20 210 68
W 10 190 270 190 20
W 10 165 130 116 130
W 10 125 186 125 270
W 10 125 20 125 70
L 8
B -5 280 630 300
W 10 310 190 310 214
W 10 80 260 80 36
W 14 80 223 80 255
W 10 118 130 83 130
W 10 121 185 80 185
W 10 124 60 80 60
W 20 110 226 110 285
W 20 110 10 110 38
W 10 145 36 145 95 140 95 140 160 145 160 145 260
W 20 175 10 175 38
W 20 175 226 175 285
W 10 215 60 145 60
W 14 225 223 225 255
W 10 225 223 225 185 285 185
W 10 228 38 228 40 240 40 240 100 289 100
W 10 148 160 378 160
W 20 275 226 275 285
W 20 275 10 275 38
W 10 400 130 168 130
W 10 329 60 270 60
W 14 305 215 305 255
W 10 310 190 343 190 343 187
W 10 330 35 330 61
W 20 335 238 335 285
B 60 -10 630 10
B 60 280 630 300
W 20 360 10 360 38
W 14 385 223 385 255
W 10 321 100 510 100
W 10 390 226 390 190 450 190
W 20 435 226 435 285
W 10 415 38 415 60 468 60
W 20 460 10 460 38
W 10 470 140 470 215
W 20 495 226 495 285
W 10 515 38 515 80 550 80 550 140 449 140
W 10 558 170 470 170
W 14 545 223 545 255
W 10 550 260 550 190 585 190 585 60 550 60 550 36
W 20 575 10 575 38
W 20 575 226 575 285
W 14 605 223 605 255
W 10 610 33 610 260
W 20 15 215 15 285
W 20 15 10 15 35
B -5 -10 70 10
B -5 280 70 300
W 14 45 223 45 255
W 10 45 205 45 38
B -5 -10 630 10
L 10
W 10 290 187 290 100
W 10 345 184 345 60
W 10 445 187 445 70 475 70
L 13
; [strans] magnification(x 0.3) not supported
; [strans] magnification(x 0.3) not supported
L 14
B 0 0 625 290
L 18
B 0 200 65 270
B 65 200 625 270
L 19
B 0 20 65 50
B 65 20 625 50
C 55 130 1 1 0 pcont
C 15 215 1 1 0 dcont
C 15 35 1 1 0 dcont
C 15 0 1 1 0 psubcont
C 15 255 1 1 0 dcont
C 45 235 1 1 0 dcont
C 445 185 1 1 0 pcont
C 465 235 1 1 0 dcont
C 325 35 1 1 0 dcont
C 275 255 1 1 0 dcont
C 120 65 1 1 0 pcont
C 80 235 1 1 0 dcont
C 465 255 1 1 0 dcont
C 545 255 1 1 0 dcont
C 465 215 1 1 0 dcont
C 225 215 1 1 0 dcont
C 225 35 1 1 0 dcont
C 140 35 1 1 0 dcont
C 445 140 1 1 0 pcont
C 305 255 1 1 0 dcont
C 80 35 1 1 0 dcont
C 445 185 1 1 0 Via
C 120 185 1 1 0 pcont
C 285 100 1 1 0 Via
C 110 35 1 1 0 dcont
C 510 35 1 1 0 dcont
C 225 235 1 1 0 dcont
C 575 35 1 1 0 dcont
C 555 85 1 1 0 pcont
C 140 235 1 1 0 dcont
C 165 130 1 1 0 pcont
C 285 185 1 1 0 pcont
C 605 35 1 1 0 dcont
C 435 255 1 1 0 dcont
C 360 35 1 1 0 dcont
C 575 255 1 1 0 dcont
C 545 235 1 1 0 dcont
C 410 35 1 1 0 dcont
C 575 235 1 1 0 dcont
C 215 130 1 1 0 pcont
C 435 215 1 1 0 dcont
C 335 65 1 1 0 Via
C 110 255 1 1 0 dcont
C 225 255 1 1 0 dcont
C 495 255 1 1 0 dcont
C 115 130 1 1 0 pcont
C 175 215 1 1 0 dcont
C 395 135 1 1 0 pcont
C 575 290 1 1 0 nsubcont
C 335 65 1 1 0 pcont
C 340 290 1 1 0 nsubcont
C 215 65 1 1 0 pcont
C 140 255 1 1 0 dcont
C 235 160 1 1 0 pcont
C 495 235 1 1 0 dcont
C 545 35 1 1 0 dcont
C 335 215 1 1 0 dcont
C 585 65 1 1 0 pcont
C 140 215 1 1 0 dcont
C 175 0 1 1 0 psubcont
C 285 185 1 1 0 Via
C 605 215 1 1 0 dcont
C 335 255 1 1 0 dcont
C 575 215 1 1 0 dcont
C 175 35 1 1 0 dcont
C 275 215 1 1 0 dcont
C 110 235 1 1 0 dcont
C 605 235 1 1 0 dcont
C 495 215 1 1 0 dcont
C 305 235 1 1 0 dcont
C 605 255 1 1 0 dcont
C 275 235 1 1 0 dcont
C 110 215 1 1 0 dcont
C 385 255 1 1 0 dcont
C 345 130 1 1 0 pcont
C 460 35 1 1 0 dcont
C 345 185 1 1 0 Via
C 555 165 1 1 0 pcont
C 175 255 1 1 0 dcont
C 345 185 1 1 0 pcont
C 470 65 1 1 0 Via
C 375 165 1 1 0 pcont
C 360 0 1 1 0 psubcont
C 470 65 1 1 0 pcont
C 575 0 1 1 0 psubcont
C 265 65 1 1 0 pcont
C 305 215 1 1 0 dcont
C 175 290 1 1 0 nsubcont
C 385 235 1 1 0 dcont
C 585 185 1 1 0 pcont
C 80 215 1 1 0 dcont
C 435 235 1 1 0 dcont
C 275 35 1 1 0 dcont
C 285 100 1 1 0 pcont
C 545 215 1 1 0 dcont
C 175 235 1 1 0 dcont
C 335 235 1 1 0 dcont
C 385 215 1 1 0 dcont
C 80 255 1 1 0 dcont
C 320 100 1 1 0 pcont
C 45 255 1 1 0 dcont
C 15 235 1 1 0 dcont
C 45 35 1 1 0 dcont
C 15 290 1 1 0 nsubcont
C 45 215 1 1 0 dcont
