; structure creation     : 26/5/20 (20:19:46)
; structure modification : 4/6/20 (14:47:1)
; structure name : sff1_r
L 1
B 50 175 640 310
B -15 175 80 310
L 3
B 165 25 335 45
B 70 25 150 45
B 535 25 615 45
B 165 205 520 265
B 70 205 150 265
B 535 205 615 265
B 350 25 520 45
B 5 205 55 265
B 5 25 55 45
L 5
B 65 120 85 140
W 10 350 270 350 179
W 10 343 61 342 61
W 10 95 270 95 180 90 180 90 105 95 105 95 20
W 10 125 20 125 70
W 10 125 183 125 270
W 10 165 130 116 130
W 10 190 270 190 20
W 10 210 20 210 68
W 10 240 20 240 115 210 115 210 270
W 10 240 158 240 270
W 10 260 270 260 20
W 10 290 187 290 100
W 10 290 20 290 100
W 10 290 184 290 270
W 10 310 20 310 190 320 190 320 270
W 10 345 182 345 61
W 10 375 20 375 60 338 60
W 10 395 20 395 80 365 80 365 120
W 10 425 20 425 100 395 100 395 150 385 150 385 270
W 10 415 270 415 137
W 10 445 20 445 155 435 155 435 270
W 10 475 65 475 160 465 160 465 270
W 10 475 68 475 20
W 10 495 20 495 270
W 10 560 20 560 89
W 10 560 170 560 270
W 10 590 20 590 67
W 10 590 183 590 270
W 10 30 270 30 20
L 8
B -5 -10 630 10
W 10 310 190 310 215
W 10 383 155 143 155
W 0 505 108 505 93 318 93
W 0 505 108 505 93 318 93
W 10 80 260 80 36
W 14 80 223 80 255
W 10 119 130 80 130
W 10 123 60 80 60
W 10 121 185 80 185
W 20 110 226 110 285
W 20 110 10 110 38
B 134 209 146 261
W 10 145 36 145 95 140 95 140 155 145 155 145 260
W 20 175 10 175 38
W 20 175 226 175 285
W 10 213 65 148 65
W 14 225 223 225 255
W 10 225 223 225 190 285 190
W 10 225 38 225 40 240 40 240 95 286 95
W 20 275 226 275 285
W 20 275 10 275 38
W 10 419 125 168 125
W 10 338 60 268 60
W 14 305 215 305 255
W 10 310 190 350 190 350 180
W 10 330 36 330 55
W 20 335 238 335 285
B 60 -10 630 10
B 60 280 630 300
W 20 360 10 360 38
W 14 400 223 400 255
W 10 405 223 405 190 460 190
W 20 450 226 450 285
W 10 415 38 415 60 468 60
W 20 460 10 460 38
W 20 510 226 510 285
W 10 515 38 515 80 560 80 560 170 488 170
W 14 545 223 545 255
W 10 550 260 550 190 585 190 585 60 550 60 550 36
W 20 575 10 575 38
W 20 575 226 575 285
W 14 605 223 605 255
W 10 610 33 610 260
W 0 505 108 505 93 318 93
W 10 320 95 495 95 495 115 503 115
W 10 485 218 485 160 450 160 450 128 448 128
W 20 15 215 15 285
W 20 15 10 15 35
B -5 -10 70 10
B -5 280 70 300
W 14 45 223 45 255
W 10 45 205 45 38
B -5 280 630 300
L 10
L 14
B 0 0 625 290
L 18
B 65 200 625 270
B 0 200 65 270
L 19
B 65 20 625 50
B 0 20 65 50
C 55 130 1 1 0 pcont
C 45 215 1 1 0 dcont
C 15 290 1 1 0 nsubcont
C 45 35 1 1 0 dcont
C 15 235 1 1 0 dcont
C 45 255 1 1 0 dcont
C 285 100 1 1 0 pcont
C 80 255 1 1 0 dcont
C 400 215 1 1 0 dcont
C 335 235 1 1 0 dcont
C 175 235 1 1 0 dcont
C 545 215 1 1 0 dcont
C 285 185 1 1 0 pcont
C 275 35 1 1 0 dcont
C 450 235 1 1 0 dcont
C 80 215 1 1 0 dcont
C 585 185 1 1 0 pcont
C 400 235 1 1 0 dcont
C 175 290 1 1 0 nsubcont
C 305 215 1 1 0 dcont
C 235 160 1 1 0 pcont
C 575 0 1 1 0 psubcont
C 470 65 1 1 0 pcont
C 165 130 1 1 0 pcont
C 360 0 1 1 0 psubcont
C 370 120 1 1 0 pcont
C 335 215 1 1 0 dcont
C 340 65 1 1 0 pcont
C 175 255 1 1 0 dcont
C 555 165 1 1 0 pcont
C 460 35 1 1 0 dcont
C 350 180 1 1 0 pcont
C 400 255 1 1 0 dcont
C 110 215 1 1 0 dcont
C 275 235 1 1 0 dcont
C 605 255 1 1 0 dcont
C 305 235 1 1 0 dcont
C 510 215 1 1 0 dcont
C 605 235 1 1 0 dcont
C 110 235 1 1 0 dcont
C 275 215 1 1 0 dcont
C 175 35 1 1 0 dcont
C 575 215 1 1 0 dcont
C 335 255 1 1 0 dcont
C 605 215 1 1 0 dcont
C 175 0 1 1 0 psubcont
C 140 215 1 1 0 dcont
C 585 65 1 1 0 pcont
C 545 35 1 1 0 dcont
C 510 235 1 1 0 dcont
C 215 120 1 1 0 pcont
C 140 255 1 1 0 dcont
C 335 290 1 1 0 nsubcont
C 315 100 1 1 0 pcont
C 580 290 1 1 0 nsubcont
C 380 155 1 1 0 pcont
C 175 215 1 1 0 dcont
C 510 255 1 1 0 dcont
C 225 255 1 1 0 dcont
C 110 255 1 1 0 dcont
C 450 215 1 1 0 dcont
C 215 65 1 1 0 pcont
C 575 235 1 1 0 dcont
C 410 35 1 1 0 dcont
C 545 235 1 1 0 dcont
C 575 255 1 1 0 dcont
C 360 35 1 1 0 dcont
C 450 255 1 1 0 dcont
C 605 35 1 1 0 dcont
C 265 65 1 1 0 pcont
C 420 130 1 1 0 pcont
C 120 65 1 1 0 pcont
C 140 235 1 1 0 dcont
C 555 85 1 1 0 pcont
C 575 35 1 1 0 dcont
C 225 235 1 1 0 dcont
C 510 35 1 1 0 dcont
C 110 35 1 1 0 dcont
C 115 130 1 1 0 pcont
C 80 35 1 1 0 dcont
C 305 255 1 1 0 dcont
C 450 130 1 1 0 pcont
C 140 35 1 1 0 dcont
C 225 215 1 1 0 dcont
C 225 35 1 1 0 dcont
C 480 215 1 1 0 dcont
C 545 255 1 1 0 dcont
C 480 255 1 1 0 dcont
C 80 235 1 1 0 dcont
C 120 185 1 1 0 pcont
C 325 35 1 1 0 dcont
C 275 255 1 1 0 dcont
C 480 235 1 1 0 dcont
C 460 185 1 1 0 pcont
C 45 235 1 1 0 dcont
C 15 255 1 1 0 dcont
C 15 0 1 1 0 psubcont
C 15 35 1 1 0 dcont
C 15 215 1 1 0 dcont
