; structure creation     : 7/5/20 (14:28:54)
; structure modification : 4/6/20 (14:47:1)
; structure name : sff1
L 1
B -15 175 575 310
L 3
B 100 25 270 45
B 5 25 85 45
B 470 25 550 45
B 100 205 455 265
B 5 205 85 265
B 470 205 550 265
B 285 25 455 45
L 5
W 10 285 270 285 179
W 10 278 61 277 61
W 10 30 270 30 180 25 180 25 105 30 105 30 20
W 10 60 20 60 70
W 10 60 183 60 270
W 10 100 130 51 130
W 10 125 270 125 20
W 10 145 20 145 68
W 10 175 20 175 115 145 115 145 270
W 10 175 158 175 270
W 10 195 270 195 20
W 10 225 187 225 100
W 10 225 20 225 100
W 10 225 184 225 270
W 10 245 20 245 190 255 190 255 270
W 10 280 182 280 61
W 10 310 20 310 60 273 60
W 10 330 20 330 80 300 80 300 120
W 10 360 20 360 100 330 100 330 150 320 150 320 270
W 10 350 270 350 137
W 10 380 20 380 155 370 155 370 270
W 10 410 65 410 160 400 160 400 270
W 10 410 68 410 20
W 10 430 20 430 270
W 10 495 20 495 89
W 10 495 170 495 270
W 10 525 20 525 67
W 10 525 183 525 270
L 8
B -5 -10 565 10
W 10 245 190 245 215
W 10 318 155 78 155
W 0 440 108 440 93 253 93
W 0 440 108 440 93 253 93
W 10 15 260 15 36
W 14 15 223 15 255
W 10 54 130 15 130
W 10 58 60 15 60
W 10 56 185 15 185
W 20 45 226 45 285
W 20 45 10 45 38
B 69 209 81 261
W 10 80 36 80 95 75 95 75 155 80 155 80 260
W 20 110 10 110 38
W 20 110 226 110 285
W 10 148 65 83 65
W 14 160 223 160 255
W 10 160 223 160 190 220 190
W 10 160 38 160 40 175 40 175 95 221 95
W 20 210 226 210 285
W 20 210 10 210 38
W 10 354 125 103 125
W 10 273 60 203 60
W 14 240 215 240 255
W 10 245 190 285 190 285 180
W 10 265 36 265 55
W 20 270 238 270 285
B -5 -10 565 10
B -5 280 565 300
W 20 295 10 295 38
W 14 335 223 335 255
W 10 340 223 340 190 395 190
W 20 385 226 385 285
W 10 350 38 350 60 403 60
W 20 395 10 395 38
W 20 445 226 445 285
W 10 450 38 450 80 495 80 495 170 423 170
W 14 480 223 480 255
W 10 485 260 485 190 520 190 520 60 485 60 485 36
W 20 510 10 510 38
W 20 510 226 510 285
W 14 540 223 540 255
W 10 545 33 545 260
W 0 440 108 440 93 253 93
W 10 255 95 430 95 430 115 438 115
W 10 420 218 420 160 385 160 385 128 383 128
B -5 280 565 300
L 10
L 14
B 0 0 560 290
L 18
B 0 200 560 270
L 19
B 0 20 560 50
C 270 215 1 1 0 dcont
C 220 100 1 1 0 pcont
C 15 255 1 1 0 dcont
C 335 215 1 1 0 dcont
C 270 235 1 1 0 dcont
C 110 235 1 1 0 dcont
C 480 215 1 1 0 dcont
C 220 185 1 1 0 pcont
C 210 35 1 1 0 dcont
C 385 235 1 1 0 dcont
C 15 215 1 1 0 dcont
C 520 185 1 1 0 pcont
C 335 235 1 1 0 dcont
C 110 290 1 1 0 nsubcont
C 240 215 1 1 0 dcont
C 170 160 1 1 0 pcont
C 510 0 1 1 0 psubcont
C 405 65 1 1 0 pcont
C 100 130 1 1 0 pcont
C 295 0 1 1 0 psubcont
C 305 120 1 1 0 pcont
C 275 65 1 1 0 pcont
C 110 255 1 1 0 dcont
C 490 165 1 1 0 pcont
C 395 35 1 1 0 dcont
C 285 180 1 1 0 pcont
C 335 255 1 1 0 dcont
C 45 215 1 1 0 dcont
C 210 235 1 1 0 dcont
C 540 255 1 1 0 dcont
C 240 235 1 1 0 dcont
C 445 215 1 1 0 dcont
C 540 235 1 1 0 dcont
C 45 235 1 1 0 dcont
C 210 215 1 1 0 dcont
C 110 35 1 1 0 dcont
C 510 215 1 1 0 dcont
C 270 255 1 1 0 dcont
C 540 215 1 1 0 dcont
C 110 0 1 1 0 psubcont
C 75 215 1 1 0 dcont
C 520 65 1 1 0 pcont
C 480 35 1 1 0 dcont
C 445 235 1 1 0 dcont
C 150 120 1 1 0 pcont
C 75 255 1 1 0 dcont
C 270 290 1 1 0 nsubcont
C 250 100 1 1 0 pcont
C 515 290 1 1 0 nsubcont
C 315 155 1 1 0 pcont
C 110 215 1 1 0 dcont
C 445 255 1 1 0 dcont
C 160 255 1 1 0 dcont
C 45 255 1 1 0 dcont
C 385 215 1 1 0 dcont
C 150 65 1 1 0 pcont
C 510 235 1 1 0 dcont
C 345 35 1 1 0 dcont
C 480 235 1 1 0 dcont
C 510 255 1 1 0 dcont
C 295 35 1 1 0 dcont
C 385 255 1 1 0 dcont
C 540 35 1 1 0 dcont
C 200 65 1 1 0 pcont
C 355 130 1 1 0 pcont
C 55 65 1 1 0 pcont
C 75 235 1 1 0 dcont
C 490 85 1 1 0 pcont
C 510 35 1 1 0 dcont
C 160 235 1 1 0 dcont
C 445 35 1 1 0 dcont
C 45 35 1 1 0 dcont
C 50 130 1 1 0 pcont
C 15 35 1 1 0 dcont
C 240 255 1 1 0 dcont
C 385 130 1 1 0 pcont
C 75 35 1 1 0 dcont
C 160 35 1 1 0 dcont
C 160 215 1 1 0 dcont
C 415 215 1 1 0 dcont
C 480 255 1 1 0 dcont
C 415 255 1 1 0 dcont
C 15 235 1 1 0 dcont
C 55 185 1 1 0 pcont
C 210 255 1 1 0 dcont
C 260 35 1 1 0 dcont
C 415 235 1 1 0 dcont
C 395 185 1 1 0 pcont
